196511271993031002
196207061990111001
196510011994031009
197008251990091001
196411051990021001
196511111986032003
197001131990091001
196606061986021003
196806061990021002
197011152002122002
197904281997111001
196401011992031007
196002011989031002
196109301988011002
197902171998022001
197005311995121001
197004011995031004
196203111982031003
196506201985111001
196401111985031006
197305182006041003
196609241986032003
196609041986031001
196505101987121002
196406061985031012
197310311993031001
198606072007011001
196306201986072001
198306022003121001
196511061987032010
197206061992031003
196308061989031004
196911071993031009
196312111985031007
196906301998011001
197204152000121004
198306102002121005
198404262002121003
198303192001121003
196508081986021002
197207021993031007
196510241985031006
197310101993031002
198504172011011009
198409062003121001
198405112003121001
199308262014061001
199302172015071002
196904161993031005
199202282015071001
199604282018081002
196306211993031001
197805081996121001
198305222001121003
197212301992031002
197410062010011007
196910111990091001
199106262010101001
198604032010011016
199308012015071002
196909271991021001
197604291995111001
197308032002121005
198802272007011001
199809062019081001
196403201986031006
